R = 10;
L = 0.1;
C = 0.002;
